5d6 0 0 0 0
5d6 0 0 0 0
5d6 0 0 0 0
5d6 0 0 0 0
5d6 0 0 0 0
5d6 0 0 0 0
5d6 0 0 0 0
5d6 0 0 0 0
5d6 0 0 0 0
5d6 0 0 0 0
5d6 0 0 0 0
5d6 0 0 0 0
5d6 0 0 0 0
5d6 0 0 0 0
5d6 0 0 0 0
5d6 0 0 0 0
5d6 0 0 0 0
5d6 0 0 0 0
5d6 0 0 0 0
5d6 0 0 0 0
5d6 0 0 0 0
5d6 0 0 0 0
5d6 0 0 0 0
5d6 0 0 0 0
5d6 0 0 0 0
5d6 0 0 0 0
5d6 0 0 0 0
5d6 0 0 0 0
5d6 0 0 0 0
5d6 0 0 0 0
0 4d6 0 0 0
0 4d6 0 0 0
0 4d6 0 0 0
0 4d6 0 0 0
0 4d6 0 0 0
0 4d6 0 0 0
0 4d6 0 0 0
0 4d6 0 0 0
0 4d6 0 0 0
0 4d6 0 0 0
0 4d6 0 0 0
0 4d6 0 0 0
0 4d6 0 0 0
0 4d6 0 0 0
0 4d6 0 0 0
0 4d6 0 0 0
0 4d6 0 0 0
0 4d6 0 0 0
0 4d6 0 0 0
0 4d6 0 0 0
0 4d6 0 0 0
0 4d6 0 0 0
0 4d6 0 0 0
0 4d6 0 0 0
0 4d6 0 0 0
0 4d6 0 0 0
0 4d6 0 0 0
0 4d6 0 0 0
0 4d6 0 0 0
0 4d6 0 0 0
0 0 3d6 0 0
0 0 3d6 0 0
0 0 3d6 0 0
0 0 3d6 0 0
0 0 3d6 0 0
0 0 3d6 0 0
0 0 3d6 0 0
0 0 3d6 0 0
0 0 3d6 0 0
0 0 3d6 0 0
0 0 0 3d6 0
0 0 0 3d6 0
0 0 0 3d6 0
0 0 0 3d6 0
0 0 0 3d6 0
0 0 0 3d6 0
0 0 0 3d6 0
0 0 0 3d6 0
0 0 0 3d6 0
0 0 0 3d6 0
0 0 0 3d6 0
0 0 0 3d6 0
0 0 0 3d6 0
0 0 0 3d6 0
0 0 0 3d6 0
0 0 0 3d6 0
0 0 0 3d6 0
0 0 0 3d6 0
0 0 0 3d6 0
0 0 0 3d6 0
0 0 0 3d6 0
0 0 0 3d6 0
0 0 0 3d6 0
0 0 0 3d6 0
0 0 0 3d6 0
0 0 0 0 1d6
0 0 0 0 1d6
0 0 0 0 1d6
0 0 0 0 1d6
0 0 0 0 1d6